1.0 
1.0 
1.0 1.0 1.0 
42.0 1.0 1.0 1.0 1.0 
1.0 1.0 1.0 
1.0 
1.0 
1.0 1.0 1.0 
1.0 29.0 1.0 

-1.0 1.0 -1.0 -1.0 -1.0 
16.0 1.0 1.0 
1.0 1.0 1.0 1.0 1.0 1.0 1.0 
16.0 29.0 1.0 
16.0 42.0 69.0 
1.0 1.0 1.0 -1.0 
1.0 
1.0 30.0 1.0 1.0 
37.0 1.0 1.0 1.0 1.0 
37.0 1.0 -1.0 1.0 
1.0 1.0 1.0 -1.0 
37.0 1.0 1.0 -1.0 1.0 1.0 
1.0 1.0 1.0 1.0 1.0 
1.0 69.0 1.0 
1.0 1.0 
1.0 
1.0 1.0 1.0 1.0 1.0 1.0 1.0 -1.0 
1.0 -1.0 1.0 1.0 1.0 1.0 1.0 
1.0 16.0 1.0 

1.0 -1.0 
1.0 -1.0 
1.0 -1.0 37.0 1.0 1.0 1.0 
-1.0 
1.0 -1.0 1.0 37.0 1.0 

1.0 1.0 
1.0 37.0 
1.0 
1.0 1.0 1.0 1.0 
1.0 1.0 1.0 
1.0 
1.0 1.0 1.0 42.0 1.0 1.0 1.0 -1.0 

1.0 1.0 
1.0 

1.0 -1.0 1.0 







16.0 
1.0 1.0 -1.0 


1.0 
1.0 
-1.0 

1.0 1.0 1.0 
1.0 1.0 1.0 -1.0 
1.0 
1.0 -1.0 1.0 
1.0 1.0 
1.0 1.0 
-1.0 -1.0 -1.0 1.0 1.0 -1.0 
-1.0 -1.0 1.0 1.0 
1.0 1.0 
2.0 
2.0 1.0 
1.0 1.0 
1.0 -1.0 1.0 
37.0 
-1.0 1.0 1.0 
-1.0 1.0 1.0 
1.0 1.0 1.0 1.0 1.0 1.0 


1.0 -1.0 
-1.0 
1.0 -1.0 1.0 -1.0 

37.0 -1.0 


1.0 1.0 1.0 16.0 1.0 1.0 

1.0 
1.0 
1.0 1.0 1.0 1.0 1.0 -1.0 1.0 
1.0 1.0 1.0 69.0 1.0 1.0 69.0 

1.0 69.0 1.0 69.0 1.0 69.0 1.0 1.0 69.0 -1.0 
1.0 69.0 
-1.0 16.0 -1.0 -1.0 
16.0 1.0 42.0 1.0 1.0 -1.0 1.0 1.0 
1.0 1.0 1.0 1.0 69.0 1.0 1.0 
37.0 1.0 69.0 
1.0 1.0 

1.0 69.0 1.0 1.0 -1.0 69.0 -1.0 

-1.0 1.0 69.0 1.0 -1.0 1.0 69.0 37.0 42.0 



1.0 69.0 -1.0 1.0 69.0 16.0 1.0 -1.0 1.0 42.0 
1.0 1.0 69.0 

1.0 1.0 1.0 -1.0 1.0 69.0 -1.0 


-1.0 
-1.0 
1.0 69.0 1.0 

16.0 
1.0 
-1.0 -1.0 
1.0 1.0 1.0 
1.0 1.0 1.0 1.0 1.0 1.0 1.0 1.0 
1.0 1.0 1.0 1.0 -1.0 
29.0 1.0 
-1.0 29.0 
12.0 
-1.0 

1.0 

16.0 
1.0 
1.0 

1.0 
1.0 
42.0 
42.0 42.0 69.0 -1.0 1.0 



1.0 29.0 

-1.0 
2.0 
2.0 

1.0 -1.0 42.0 1.0 
2.0 1.0 
37.0 


1.0 -1.0 1.0 -1.0 
1.0 


1.0 2.0 
1.0 1.0 1.0 1.0 1.0 1.0 1.0 29.0 -1.0 -1.0 

1.0 1.0 

37.0 1.0 


1.0 
-1.0 42.0 1.0 
1.0 -1.0 1.0 

1.0 
1.0 
1.0 1.0 
1.0 
-1.0 



2.0 29.0 2.0 
1.0 1.0 1.0 1.0 1.0 1.0 1.0 
1.0 1.0 1.0 
29.0 -1.0 1.0 1.0 1.0 
-1.0 

1.0 

1.0 1.0 42.0 -1.0 -1.0 
1.0 
1.0 1.0 
1.0 
1.0 -1.0 
1.0 
2.0 
1.0 

1.0 
1.0 1.0 1.0 1.0 1.0 1.0 


-1.0 1.0 
1.0 1.0 -1.0 37.0 1.0 
-1.0 
1.0 37.0 1.0 
37.0 -1.0 
-1.0 1.0 -1.0 1.0 1.0 16.0 
-1.0 1.0 -1.0 1.0 
-1.0 -1.0 1.0 1.0 -1.0 1.0 
-1.0 
-1.0 
-1.0 

16.0 1.0 1.0 
-1.0 

1.0 1.0 1.0 1.0 
69.0 1.0 
16.0 -1.0 37.0 
1.0 -1.0 1.0 -1.0 
1.0 
2.0 -1.0 
-1.0 1.0 -1.0 -1.0 -1.0 
-1.0 1.0 
-1.0 1.0 -1.0 
-1.0 -1.0 

1.0 1.0 


1.0 

1.0 
-1.0 -1.0 1.0 
1.0 69.0 
1.0 16.0 2.0 -1.0 69.0 -1.0 -1.0 1.0 1.0 -1.0 
1.0 -1.0 
42.0 37.0 -1.0 -1.0 
1.0 -1.0 69.0 -1.0 1.0 -1.0 
-1.0 16.0 -1.0 -1.0 1.0 
-1.0 1.0 -1.0 -1.0 1.0 1.0 1.0 -1.0 
-1.0 1.0 1.0 -1.0 
1.0 1.0 
-1.0 
1.0 
-1.0 16.0 -1.0 37.0 -1.0 
-1.0 1.0 -1.0 
-1.0 1.0 
1.0 -1.0 
1.0 1.0 1.0 

1.0 
16.0 1.0 -1.0 1.0 
16.0 
-1.0 

1.0 1.0 
1.0 1.0 

1.0 1.0 1.0 1.0 1.0 1.0 1.0 1.0 
1.0 
29.0 69.0 1.0 
1.0 1.0 1.0 1.0 37.0 
1.0 1.0 
29.0 1.0 1.0 1.0 30.0 -1.0 1.0 1.0 1.0 1.0 1.0 
29.0 1.0 1.0 
2.0 1.0 -1.0 1.0 1.0 -1.0 69.0 1.0 
1.0 1.0 1.0 
1.0 1.0 1.0 1.0 1.0 1.0 


1.0 
-1.0 1.0 1.0 -1.0 -1.0 
1.0 1.0 1.0 
1.0 1.0 1.0 1.0 1.0 1.0 -1.0 -1.0 1.0 1.0 
-1.0 1.0 1.0 1.0 1.0 
1.0 1.0 1.0 1.0 1.0 37.0 42.0 1.0 1.0 
1.0 
12.0 69.0 
1.0 42.0 1.0 1.0 37.0 
-1.0 1.0 1.0 

1.0 42.0 
1.0 1.0 1.0 37.0 1.0 1.0 1.0 
-1.0 
1.0 
1.0 

1.0 1.0 
1.0 -1.0 69.0 

1.0 
-1.0 1.0 1.0 -1.0 1.0 -1.0 1.0 1.0 
29.0 1.0 1.0 29.0 1.0 1.0 1.0 
1.0 42.0 1.0 1.0 12.0 
1.0 1.0 1.0 
1.0 1.0 37.0 1.0 -1.0 
37.0 1.0 37.0 1.0 1.0 
1.0 -1.0 1.0 
-1.0 -1.0 1.0 -1.0 
1.0 
-1.0 1.0 42.0 -1.0 37.0 
2.0 30.0 
1.0 1.0 16.0 
1.0 -1.0 1.0 

1.0 1.0 1.0 1.0 1.0 
-1.0 1.0 1.0 1.0 1.0 1.0 1.0 

1.0 
37.0 1.0 1.0 1.0 1.0 1.0 1.0 
1.0 29.0 1.0 1.0 1.0 1.0 2.0 
1.0 -1.0 1.0 
16.0 1.0 1.0 
16.0 -1.0 37.0 1.0 1.0 1.0 1.0 

1.0 
1.0 -1.0 1.0 1.0 29.0 
1.0 -1.0 1.0 
1.0 
1.0 1.0 1.0 1.0 1.0 

1.0 1.0 
1.0 -1.0 1.0 
